227
229
128
431
56
492
145
434
281
461
65
36
494
52
36
181
60
167
237
286
450
295
149
23
86
301
315
127
337
215
114
267
174
25
355
72
32
396
7
381
450
220
450
419
197
296
40
221
60
218
465
475
316
433
427
146
197
137
161
331
39
214
139
341
128
197
201
82
138
156
465
83
353
77
318
3
316
79
2
411
69
89
301
368
378
121
258
197
218
123
402
303
315
460
102
416
162
335
20
35
285
15
421
203
425
324
447
420
485
135
25
197
231
207
317
431
156
108
241
223
336
11
24
99
176
94
465
84
176
245
133
484
191
443
